yo8rxp 3 el inv vee wire beam 20 meter cw
*
14.05
***Wires***
6
0.0,	0.0,	9.41993,	0.0,	3.76534,	5.65459,	8.000e-04,	-1
0.0,	0.0,	9.41993,	0.0,	-3.76534,	5.65459,	8.000e-04,	-1
2.9,	0.0,	9.41993,	2.9,	3.6416,	5.77833,	8.000e-04,	-1
2.9,	0.0,	9.41993,	2.9,	-3.6416,	5.77833,	8.000e-04,	-1
-2.9,	0.0,	9.41993,	-2.9,	3.6416,	5.77833,	8.000e-04,	-1
-2.9,	0.0,	9.41993,	-2.9,	-3.6416,	5.77833,	8.000e-04,	-1
***Source***
1,	0
w1b,	0.0,	1.0
***Load***
1,	1
w5b,	0,	0.8,	0.0,	0.0
***Segmentation***
800,	80,	2.0,	2
***G/H/M/R/AzEl/X***
2,	1.0,	1,	20.83,	120,	60,	0.0
